['num_cnt_table：\n           0         1         2         3         4         5         6         7         8         9\n0   0.088333  0.115000  0.098333  0.120000  0.095000  0.085000  0.098333  0.103333  0.095000  0.101667\n1   0.100000  0.123333  0.115000  0.100000  0.096667  0.076667  0.106667  0.120000  0.081667  0.080000\n2   0.103333  0.105000  0.100000  0.108333  0.086667  0.093333  0.090000  0.095000  0.121667  0.096667\n3   0.098333  0.115000  0.081667  0.096667  0.103333  0.070000  0.098333  0.096667  0.133333  0.106667\n4   0.098333  0.106667  0.086667  0.128333  0.090000  0.083333  0.101667  0.111667  0.086667  0.106667\n..       ...       ...       ...       ...       ...       ...       ...       ...       ...       ...\n95  0.091667  0.115000  0.090000  0.111667  0.101667  0.101667  0.083333  0.113333  0.080000  0.111667\n96  0.118333  0.140000  0.098333  0.095000  0.103333  0.070000  0.090000  0.088333  0.090000  0.106667\n97  0.085000  0.118333  0.103333  0.095000  0.111667  0.091667  0.095000  0.110000  0.113333  0.076667\n98  0.095000  0.118333  0.115000  0.080000  0.115000  0.081667  0.098333  0.121667  0.090000  0.085000\n99  0.103333  0.120000  0.088333  0.090000  0.110000  0.088333  0.103333  0.100000  0.105000  0.091667\n\n[100 rows x 10 columns]\n', '当前聚类簇数为：5\n聚类结果如下：[[1, 23, 27, 32, 48, 52, 53, 59, 60, 64, 66, 77, 84, 94], [2, 3, 16, 19, 26, 31, 38, 55, 57, 63, 68, 72, 75, 85, 86, 90, 96, 99], [0, 4, 6, 8, 9, 15, 17, 21, 22, 24, 25, 28, 33, 40, 41, 44, 50, 54, 56, 58, 61, 62, 70, 71, 80, 82, 88, 92, 93], [10, 12, 13, 29, 39, 43, 51, 65, 67, 76, 78, 81, 83, 87, 91, 97, 98], [5, 7, 11, 14, 18, 20, 30, 34, 35, 36, 37, 42, 45, 46, 47, 49, 69, 73, 74, 79, 89, 95]]\n', "exp_start_time: 2021-11-08_12-33\ndataset - sampling - sim_type - seed - n_SGD - lr - decay - p - force - mu\n['MNIST_iid', 'random', 'any', '0', '50', '0.01', '1.0', '0.1', 'False']\nn_iter - batch_size - p - meas_perf_period - mu\n200 - 50 - 0.1 - 1 - 0.0\nMNIST_iid_random_any_i200_N50_lr0.01_B50_d1.0_p0.1_m1_0\n", 'num_cnt_table：\n           0         1         2         3         4         5         6         7         8         9\n0   0.113333  0.128333  0.111667  0.105000  0.096667  0.085000  0.076667  0.090000  0.098333  0.095000\n1   0.091667  0.126667  0.090000  0.093333  0.103333  0.113333  0.103333  0.093333  0.091667  0.093333\n2   0.108333  0.108333  0.105000  0.098333  0.103333  0.083333  0.091667  0.090000  0.116667  0.095000\n3   0.085000  0.116667  0.090000  0.105000  0.103333  0.096667  0.103333  0.085000  0.108333  0.106667\n4   0.083333  0.126667  0.098333  0.098333  0.085000  0.086667  0.105000  0.108333  0.115000  0.093333\n..       ...       ...       ...       ...       ...       ...       ...       ...       ...       ...\n95  0.088333  0.116667  0.115000  0.106667  0.108333  0.066667  0.086667  0.131667  0.091667  0.088333\n96  0.108333  0.101667  0.095000  0.113333  0.095000  0.096667  0.113333  0.100000  0.078333  0.098333\n97  0.101667  0.113333  0.098333  0.108333  0.078333  0.068333  0.116667  0.103333  0.121667  0.090000\n98  0.100000  0.121667  0.116667  0.116667  0.111667  0.091667  0.070000  0.093333  0.080000  0.098333\n99  0.126667  0.115000  0.091667  0.101667  0.100000  0.083333  0.066667  0.106667  0.083333  0.125000\n\n[100 rows x 10 columns]\n', '当前聚类簇数为：5\n聚类结果如下：[[0, 3, 5, 11, 12, 18, 20, 22, 23, 33, 51, 54, 58, 70, 71, 98, 99], [1, 2, 4, 6, 8, 9, 14, 15, 16, 28, 30, 32, 34, 38, 41, 48, 49, 52, 53, 60, 62, 66, 68, 72, 77, 80, 81, 82, 83, 84, 85, 86, 87, 88, 94], [19, 24, 25, 35, 36, 44, 50, 55, 61, 63, 75, 78, 89, 91, 93, 95, 96], [7, 17, 21, 27, 29, 39, 40, 43, 56, 65, 69, 73, 97], [10, 13, 26, 31, 37, 42, 45, 46, 47, 57, 59, 64, 67, 74, 76, 79, 90, 92]]\n', "exp_start_time: 2021-11-08_15-05\ndataset - sampling - sim_type - seed - n_SGD - lr - decay - p - force - mu\n['MNIST_iid', 'random', 'any', '0', '50', '0.01', '1.0', '0.1', 'False']\nn_iter - batch_size - p - meas_perf_period - mu\n200 - 50 - 0.1 - 1 - 0.0\nMNIST_iid_random_any_i200_N50_lr0.01_B50_d1.0_p0.1_m1_0\n"]